Input
dim:10x10
1000000001.000000000    1000000000.000000000    1000000000.000000000    1000000000.000000000    1000000000.000000000    1000000000.000000000    1000000000.000000000    1000000000.000000000    1000000000.000000000    1000000000.000000000
1000000000.000000000    1000000001.000000000    1000000000.000000000    1000000000.000000000    1000000000.000000000    1000000000.000000000    1000000000.000000000    1000000000.000000000    1000000000.000000000    1000000000.000000000
1000000000.000000000    1000000000.000000000    1000000001.000000000    1000000000.000000000    1000000000.000000000    1000000000.000000000    1000000000.000000000    1000000000.000000000    1000000000.000000000    1000000000.000000000
1000000000.000000000    1000000000.000000000    1000000000.000000000    1000000001.000000000    1000000000.000000000    1000000000.000000000    1000000000.000000000    1000000000.000000000    1000000000.000000000    1000000000.000000000
1000000000.000000000    1000000000.000000000    1000000000.000000000    1000000000.000000000    1000000001.000000000    1000000000.000000000    1000000000.000000000    1000000000.000000000    1000000000.000000000    1000000000.000000000
1000000000.000000000    1000000000.000000000    1000000000.000000000    1000000000.000000000    1000000000.000000000    1000000001.000000000    1000000000.000000000    1000000000.000000000    1000000000.000000000    1000000000.000000000
1000000000.000000000    1000000000.000000000    1000000000.000000000    1000000000.000000000    1000000000.000000000    1000000000.000000000    1000000001.000000000    1000000000.000000000    1000000000.000000000    1000000000.000000000
1000000000.000000000    1000000000.000000000    1000000000.000000000    1000000000.000000000    1000000000.000000000    1000000000.000000000    1000000000.000000000    1000000001.000000000    1000000000.000000000    1000000000.000000000
1000000000.000000000    1000000000.000000000    1000000000.000000000    1000000000.000000000    1000000000.000000000    1000000000.000000000    1000000000.000000000    1000000000.000000000    1000000001.000000000    1000000000.000000000
1000000000.000000000    1000000000.000000000    1000000000.000000000    1000000000.000000000    1000000000.000000000    1000000000.000000000    1000000000.000000000    1000000000.000000000    1000000000.000000000    1000000001.000000000
matrix_inverse_by_gaussian_elimination
dim:10x10
   0.900000000      -0.100000000      -0.100000000      -0.100000000      -0.100000000      -0.100000000      -0.100000000      -0.100000000      -0.100000000      -0.100000000
  -0.100000000       0.900000000      -0.100000000      -0.100000000      -0.100000000      -0.100000000      -0.100000000      -0.100000000      -0.100000000      -0.100000000
  -0.100000000      -0.100000000       0.900000000      -0.100000000      -0.100000000      -0.100000000      -0.100000000      -0.100000000      -0.100000000      -0.100000000
  -0.100000000      -0.100000000      -0.100000000       0.900000000      -0.100000000      -0.100000000      -0.100000000      -0.100000000      -0.100000000      -0.100000000
  -0.100000000      -0.100000000      -0.100000000      -0.100000000       0.900000000      -0.100000000      -0.100000000      -0.100000000      -0.100000000      -0.100000000
  -0.100000000      -0.100000000      -0.100000000      -0.100000000      -0.100000000       0.900000000      -0.100000000      -0.100000000      -0.100000000      -0.100000000
  -0.100000000      -0.100000000      -0.100000000      -0.100000000      -0.100000000      -0.100000000       0.900000000      -0.100000000      -0.100000000      -0.100000000
  -0.100000000      -0.100000000      -0.100000000      -0.100000000      -0.100000000      -0.100000000      -0.100000000       0.900000000      -0.100000000      -0.100000000
  -0.100000000      -0.100000000      -0.100000000      -0.100000000      -0.100000000      -0.100000000      -0.100000000      -0.100000000       0.900000000      -0.100000000
  -0.100000000      -0.100000000      -0.100000000      -0.100000000      -0.100000000      -0.100000000      -0.100000000      -0.100000000      -0.100000000       0.900000000
A_Inverse x A
dim:10x10
   1.000000000      -0.000000000      -0.000000000      -0.000000000      -0.000000000      -0.000000000      -0.000000000      -0.000000000      -0.000000000      -0.000000000
  -0.000000000       1.000000000      -0.000000000      -0.000000000      -0.000000000      -0.000000000      -0.000000000      -0.000000000      -0.000000000      -0.000000000
   0.000000000       0.000000000       1.000000000       0.000000000       0.000000000       0.000000000       0.000000000       0.000000000       0.000000000       0.000000000
  -0.000000000      -0.000000000      -0.000000000       1.000000000      -0.000000000       0.000000000      -0.000000000       0.000000000      -0.000000000      -0.000000000
   0.000000000       0.000000000       0.000000000       0.000000000       1.000000000       0.000000000       0.000000000       0.000000000       0.000000000       0.000000000
   0.000000000       0.000000000       0.000000000       0.000000000       0.000000000       1.000000000       0.000000000       0.000000000       0.000000000       0.000000000
  -0.000000000      -0.000000000      -0.000000000      -0.000000000      -0.000000000      -0.000000000       1.000000000      -0.000000000      -0.000000000      -0.000000000
  -0.000000000      -0.000000000      -0.000000000      -0.000000000      -0.000000000      -0.000000000      -0.000000000       1.000000000      -0.000000000      -0.000000000
   0.000000000       0.000000000       0.000000000       0.000000000      -0.000000000       0.000000000       0.000000000      -0.000000000       1.000000000       0.000000000
   0.000000000       0.000000000       0.000000000       0.000000000       0.000000000       0.000000000       0.000000000       0.000000000      -0.000000000       1.000000000
matrix_inverse_by_cofactor of the matrix
dim:10x10
   0.878205128      -0.102564103      -0.102564103      -0.128205128      -0.076923077      -0.076923077      -0.006410256      -0.044871795      -0.070512820      -0.121794871 
  -0.102564103       0.878205128      -0.096153846      -0.083333333      -0.096153846      -0.134615384      -0.102564102      -0.032051282      -0.012820513      -0.121794871 
  -0.096153846      -0.096153846       0.878205128      -0.096153846      -0.147435897      -0.108974359      -0.141025641      -0.051282051      -0.096153846      -0.064102564 
  -0.096153846      -0.096153846      -0.096153846       0.891025641      -0.083333333      -0.147435897      -0.038461538      -0.102564102      -0.141025641      -0.064102564 
  -0.083333333      -0.083333333      -0.083333333      -0.083333333       0.903846154      -0.089743590      -0.089743590      -0.083333333      -0.141025641      -0.025641026 
  -0.089743590      -0.089743590      -0.089743590      -0.089743590      -0.089743590       0.967948718      -0.102564103      -0.185897436      -0.134615385      -0.173076923 
  -0.102564102      -0.102564102      -0.102564102      -0.102564103      -0.102564103      -0.102564103       0.788461539      -0.102564103      -0.102564103      -0.102564103 
  -0.102564102      -0.102564102      -0.102564102      -0.102564102      -0.102564103      -0.102564103      -0.102564103       0.807692308      -0.102564103      -0.102564103 
  -0.102564102      -0.102564102      -0.102564102      -0.102564102      -0.102564103      -0.102564103      -0.102564103      -0.102564103       0.903846154      -0.102564103 
  -0.102564102      -0.102564102      -0.102564102      -0.102564102      -0.102564103      -0.102564103      -0.102564103      -0.102564103      -0.102564103       0.878205128 
A_Inverse x A
dim:10x10
147435898.613412230    147435897.632642980    147435897.632642980    147435897.607001960    147435897.658284010    147435897.658284010    147435897.728796840    147435897.690335300    147435897.664694280    147435897.613412230
96153846.628451675    96153847.609220907    96153846.634861931    96153846.647682443    96153846.634861931    96153846.596400395    96153846.628451675    96153846.698964491    96153846.718195260    96153846.609220907
-19230769.021203157    -19230769.021203157    -19230768.046844181    -19230769.021203157    -19230769.072485209    -19230769.034023669    -19230769.066074952    -19230768.976331361    -19230769.021203157    -19230768.989151873
25641025.603057198    25641025.603057198    25641025.603057198    25641026.590236686    25641025.615877710    25641025.551775146    25641025.660749506    25641025.596646942    25641025.558185406    25641025.635108482
141025640.595660750    141025640.595660750    141025640.595660750    141025640.595660750    141025641.582840230    141025640.589250500    141025640.589250500    141025640.595660750    141025640.537968460    141025640.653353070
-76923077.187376723    -76923077.187376723    -76923077.187376723    -76923077.187376723    -76923077.187376723    -76923076.129684418    -76923077.200197235    -76923077.283530578    -76923077.232248515    -76923077.270710066
-134615384.776627210    -134615384.776627210    -134615384.776627210    -134615384.776627210    -134615384.776627210    -134615384.776627210    -134615383.885601580    -134615384.776627210    -134615384.776627210    -134615384.776627210
-115384615.460552280    -115384615.460552280    -115384615.460552280    -115384615.460552280    -115384615.460552280    -115384615.460552280    -115384615.460552280    -115384614.550295860    -115384615.460552280    -115384615.460552280
-19230769.290433925    -19230769.290433925    -19230769.290433925    -19230769.290433925    -19230769.290433925    -19230769.290433925    -19230769.290433925    -19230769.290433925    -19230768.284023669    -19230769.290433925
-44871794.880670615    -44871794.880670615    -44871794.880670615    -44871794.880670615    -44871794.880670615    -44871794.880670615    -44871794.880670615    -44871794.880670615    -44871794.880670615    -44871793.899901383
SUB=GI - CI
dim:10x10
   0.021794872       0.002564103       0.002564103       0.028205128      -0.023076923      -0.023076923      -0.093589743      -0.055128205      -0.029487180       0.021794872 
   0.002564103       0.021794872      -0.003846154      -0.016666667      -0.003846154       0.034615385       0.002564102      -0.067948718      -0.087179487       0.021794872 
  -0.003846154      -0.003846154       0.021794872      -0.003846154       0.047435897       0.008974359       0.041025641      -0.048717949      -0.003846154      -0.035897436 
  -0.003846154      -0.003846154      -0.003846154       0.008974359      -0.016666667       0.047435897      -0.061538462       0.002564103       0.041025641      -0.035897436 
  -0.016666667      -0.016666667      -0.016666667      -0.016666667      -0.003846154      -0.010256410      -0.010256410      -0.016666667       0.041025641      -0.074358974 
  -0.010256410      -0.010256410      -0.010256410      -0.010256410      -0.010256410      -0.067948718       0.002564103       0.085897436       0.034615385       0.073076923 
   0.002564103       0.002564103       0.002564103       0.002564103       0.002564103       0.002564103       0.111538461       0.002564103       0.002564103       0.002564103 
   0.002564103       0.002564103       0.002564103       0.002564103       0.002564103       0.002564103       0.002564103       0.092307692       0.002564103       0.002564103 
   0.002564103       0.002564103       0.002564103       0.002564103       0.002564103       0.002564103       0.002564103       0.002564103      -0.003846154       0.002564103 
   0.002564103       0.002564103       0.002564103       0.002564103       0.002564103       0.002564103       0.002564103       0.002564103       0.002564103       0.021794872 
SUB x A
dim:10x10
-147435897.613412230    -147435897.632642980    -147435897.632642980    -147435897.607001960    -147435897.658284010    -147435897.658284010    -147435897.728796840    -147435897.690335300    -147435897.664694280    -147435897.613412230
-96153846.628451675    -96153846.609220907    -96153846.634861931    -96153846.647682443    -96153846.634861931    -96153846.596400395    -96153846.628451675    -96153846.698964491    -96153846.718195260    -96153846.609220907
19230769.021203157    19230769.021203157    19230769.046844181    19230769.021203157    19230769.072485209    19230769.034023669    19230769.066074952    19230768.976331361    19230769.021203157    19230768.989151873
-25641025.603057198    -25641025.603057198    -25641025.603057198    -25641025.590236686    -25641025.615877710    -25641025.551775146    -25641025.660749506    -25641025.596646942    -25641025.558185406    -25641025.635108482
-141025640.595660750    -141025640.595660750    -141025640.595660750    -141025640.595660750    -141025640.582840230    -141025640.589250500    -141025640.589250500    -141025640.595660750    -141025640.537968460    -141025640.653353070
76923077.187376723    76923077.187376723    76923077.187376723    76923077.187376723    76923077.187376723    76923077.129684418    76923077.200197235    76923077.283530578    76923077.232248515    76923077.270710066
134615384.776627210    134615384.776627210    134615384.776627210    134615384.776627210    134615384.776627210    134615384.776627210    134615384.885601580    134615384.776627210    134615384.776627210    134615384.776627210
115384615.460552280    115384615.460552280    115384615.460552280    115384615.460552280    115384615.460552280    115384615.460552280    115384615.460552280    115384615.550295860    115384615.460552280    115384615.460552280
19230769.290433925    19230769.290433925    19230769.290433925    19230769.290433925    19230769.290433925    19230769.290433925    19230769.290433925    19230769.290433925    19230769.284023669    19230769.290433925
44871794.880670615    44871794.880670615    44871794.880670615    44871794.880670615    44871794.880670615    44871794.880670615    44871794.880670615    44871794.880670615    44871794.880670615    44871794.899901383